Case #1: Possible
1 1 999 1 1
999 1 1 1 999
999 1 1 1 999
1 1 999 1 1
1 999 999 999 1
1 999 999 999 1
1 999 999 999 1
108 999 999 999 109
Case #2: Possible
1 1
998 1
Case #3: Possible
1 1 999 999 999 999 999 999 999 999 999 999 999 1 1
999 1 1 999 999 999 999 999 999 999 999 999 1 1 999
999 999 1 1 999 999 999 999 999 999 999 1 1 999 999
999 999 999 1 1 999 999 999 999 999 1 1 999 999 999
17 1 1 1 1 1 1 1 1 1 1 1 1 1 4
Case #4: Impossible
Case #5: Possible
1 1 1
1 1 1
1 999 1
1 999 1
Case #6: Possible
1 1 999 999 999 999 999 999 999 999 999 999 999 999 999 999 999 999 999 999 1 1
999 1 1 999 999 999 999 999 999 999 999 999 999 999 999 999 999 999 999 1 1 999
999 999 1 1 999 999 999 999 999 999 999 999 999 999 999 999 999 999 1 1 999 999
999 999 999 1 1 999 999 999 999 999 999 999 999 999 999 999 999 1 1 999 999 999
999 999 999 999 1 1 999 999 999 999 999 999 999 999 999 999 1 1 999 999 999 999
999 999 999 999 999 1 1 999 999 999 999 999 999 999 999 1 1 999 999 999 999 999
999 999 999 999 999 999 1 1 999 999 999 999 999 999 1 1 999 999 999 999 999 999
999 999 999 999 999 999 999 1 1 999 999 999 999 1 1 999 999 999 999 999 999 999
999 999 999 999 999 999 999 999 1 1 999 999 1 1 999 999 999 999 999 999 999 999
999 999 999 999 999 999 999 999 999 1 1 1 1 999 999 999 999 999 999 999 999 999
999 999 999 999 999 999 999 999 999 999 1 1 999 999 999 999 999 999 999 999 999 999
999 999 999 999 999 999 999 999 999 1 1 1 1 999 999 999 999 999 999 999 999 999
999 999 999 999 999 999 999 999 1 1 999 999 1 1 999 999 999 999 999 999 999 999
999 999 999 999 999 999 999 1 1 999 999 999 999 1 1 999 999 999 999 999 999 999
999 999 999 999 999 999 1 1 999 999 999 999 999 999 1 1 999 999 999 999 999 999
999 999 999 999 999 1 1 999 999 999 999 999 999 999 999 1 1 999 999 999 999 999
999 999 999 999 1 1 999 999 999 999 999 999 999 999 999 999 1 1 999 999 999 999
999 999 999 1 1 999 999 999 999 999 999 999 999 999 999 999 999 1 1 999 999 999
999 999 1 1 999 999 999 999 999 999 999 999 999 999 999 999 999 999 1 1 999 999
999 1 1 999 999 999 999 999 999 999 999 999 999 999 999 999 999 999 999 1 1 999
1 1 999 999 999 999 999 999 999 999 999 999 999 999 999 999 999 999 999 999 1 1
1 999 999 999 999 999 999 999 999 999 999 999 999 999 999 999 999 999 999 999 999 1
1 999 999 999 999 999 999 999 999 999 999 999 999 999 999 999 999 999 999 999 999 1
1 999 999 999 999 999 999 999 999 999 999 999 999 999 999 999 999 999 999 999 999 1
1 999 999 999 999 999 999 999 999 999 999 999 999 999 999 999 999 999 999 999 999 1
1 999 999 999 999 999 999 999 999 999 999 999 999 999 999 999 999 999 999 999 999 1
1 999 999 999 999 999 999 999 999 999 999 999 999 999 999 999 999 999 999 999 999 1
1 999 999 999 999 999 999 999 999 999 999 999 999 999 999 999 999 999 999 999 999 1
1 999 999 999 999 999 999 999 999 999 999 999 999 999 999 999 999 999 999 999 999 1
1 999 999 999 999 999 999 999 999 999 999 999 999 999 999 999 999 999 999 999 999 1
1 999 999 999 999 999 999 999 999 999 999 999 999 999 999 999 999 999 999 999 999 1
1 999 999 999 999 999 999 999 999 999 999 999 999 999 999 999 999 999 999 999 999 1
1 999 999 999 999 999 999 999 999 999 999 999 999 999 999 999 999 999 999 999 999 1
1 999 999 999 999 999 999 999 999 999 999 999 999 999 999 999 999 999 999 999 999 1
1 999 999 999 999 999 999 999 999 999 999 999 999 999 999 999 999 999 999 999 999 1
1 999 999 999 999 999 999 999 999 999 999 999 999 999 999 999 999 999 999 999 999 1
1 999 999 999 999 999 999 999 999 999 999 999 999 999 999 999 999 999 999 999 999 1
1 999 999 999 999 999 999 999 999 999 999 999 999 999 999 999 999 999 999 999 999 1
1 999 999 999 999 999 999 999 999 999 999 999 999 999 999 999 999 999 999 999 999 1
1 999 999 999 999 999 999 999 999 999 999 999 999 999 999 999 999 999 999 999 999 1
1 999 999 999 999 999 999 999 999 999 999 999 999 999 999 999 999 999 999 999 999 1
1 999 999 999 999 999 999 999 999 999 999 999 999 999 999 999 999 999 999 999 999 1
1 999 999 999 999 999 999 999 999 999 999 999 999 999 999 999 999 999 999 999 999 1
1 999 999 999 999 999 999 999 999 999 999 999 999 999 999 999 999 999 999 999 999 1
1 999 999 999 999 999 999 999 999 999 999 999 999 999 999 999 999 999 999 999 999 1
1 999 999 999 999 999 999 999 999 999 999 999 999 999 999 999 999 999 999 999 999 1
1 999 999 999 999 999 999 999 999 999 999 999 999 999 999 999 999 999 999 999 999 1
47 999 999 999 999 999 999 999 999 999 999 999 999 999 999 999 999 999 999 999 999 154
Case #7: Possible
1 1 999 999 999 999 999 999 999 999 999 999 999 999 999 999 999 999 999 999 999 999 999 999 999 999 999 999 999 999 999 999 999 999 999 999 999 999 999 999 999 999 999 999 999 999 999 999 1 1
999 1 1 999 999 999 999 999 999 999 999 999 999 999 999 999 999 999 999 999 999 999 999 999 999 999 999 999 999 999 999 999 999 999 999 999 999 999 999 999 999 999 999 999 999 999 999 1 1 999
999 999 1 1 999 999 999 999 999 999 999 999 999 999 999 999 999 999 999 999 999 999 999 999 999 999 999 999 999 999 999 999 999 999 999 999 999 999 999 999 999 999 999 999 999 999 1 1 999 999
999 999 999 1 1 999 999 999 999 999 999 999 999 999 999 999 999 999 999 999 999 999 999 999 999 999 999 999 999 999 999 999 999 999 999 999 999 999 999 999 999 999 999 999 999 1 1 999 999 999
999 999 999 999 1 1 999 999 999 999 999 999 999 999 999 999 999 999 999 999 999 999 999 999 999 999 999 999 999 999 999 999 999 999 999 999 999 999 999 999 999 999 999 999 1 1 999 999 999 999
38 1 1 1 1 1 1 1 1 1 1 1 1 1 1 1 1 1 1 1 1 1 1 1 1 1 1 1 1 1 1 1 1 1 1 1 1 1 1 1 1 1 1 1 1 1 1 1 1 749
Case #8: Impossible
Case #9: Possible
1 1
1 1
1 1
1 1
1 1
1 1
1 1
1 1
1 1
1 1
1 1
1 1
1 1
1 1
1 1
1 1
1 1
1 1
1 1
1 1
1 1
1 1
1 1
1 1
1 1
1 1
1 1
1 1
1 1
1 1
1 1
1 1
1 1
1 1
1 1
1 1
1 1
1 1
1 1
1 1
1 1
1 1
1 1
1 1
1 1
1 1
1 1
1 1
1 1
450 20
Case #10: Impossible
Case #11: Possible
1 1 1 1
999 1 1 999
1 1 1 1
1 999 999 1
1 999 999 1
1 999 999 1
1 999 999 1
1 999 999 1
1 999 999 1
1 999 999 1
1 999 999 1
1 999 999 1
1 999 999 1
1 999 999 1
1 999 999 1
1 999 999 1
1 999 999 1
1 999 999 1
1 999 999 1
1 999 999 1
1 999 999 1
1 999 999 1
1 999 999 1
1 999 999 1
1 999 999 1
1 999 999 1
1 999 999 1
1 999 999 1
1 999 999 1
1 999 999 1
1 999 999 1
1 999 999 1
1 999 999 1
1 999 999 1
1 999 999 1
1 999 999 1
21 999 999 337
Case #12: Possible
1 1 1 1
999 1 1 999
1 1 1 1
1 999 999 1
1 999 999 1
520 999 999 136
Case #13: Possible
1 1 999 999 999 999 999 999 999 999 999 999 1 1
999 1 1 999 999 999 999 999 999 999 999 1 1 999
999 999 1 1 999 999 999 999 999 999 1 1 999 999
999 999 999 1 1 999 999 999 999 1 1 999 999 999
999 999 999 999 1 1 999 999 1 1 999 999 999 999
999 999 999 999 999 1 1 1 1 999 999 999 999 999
999 999 999 999 999 999 1 1 999 999 999 999 999 999
999 999 999 999 999 1 1 1 1 999 999 999 999 999
999 999 999 999 1 1 999 999 1 1 999 999 999 999
999 999 999 1 1 999 999 999 999 1 1 999 999 999
999 999 1 1 999 999 999 999 999 999 1 1 999 999
268 1 1 999 999 999 999 999 999 999 999 1 1 145
Case #14: Possible
1 1 999 999 999 1 1
999 1 1 999 1 1 999
999 999 1 1 1 999 999
999 999 1 1 1 999 999
685 1 1 999 1 1 231
Case #15: Possible
1 1 999 999 999 999 1 1
999 1 1 999 999 1 1 999
999 999 1 1 1 1 999 999
999 999 999 1 1 999 999 999
999 999 1 1 1 1 999 999
999 1 1 999 999 1 1 999
1 1 999 999 999 999 1 1
1 999 999 999 999 999 999 1
1 999 999 999 999 999 999 1
1 999 999 999 999 999 999 1
1 999 999 999 999 999 999 1
1 999 999 999 999 999 999 1
1 999 999 999 999 999 999 1
1 999 999 999 999 999 999 1
1 999 999 999 999 999 999 1
1 999 999 999 999 999 999 1
1 999 999 999 999 999 999 1
1 999 999 999 999 999 999 1
1 999 999 999 999 999 999 1
1 999 999 999 999 999 999 1
1 999 999 999 999 999 999 1
1 999 999 999 999 999 999 1
1 999 999 999 999 999 999 1
1 999 999 999 999 999 999 1
1 999 999 999 999 999 999 1
1 999 999 999 999 999 999 1
1 999 999 999 999 999 999 1
1 999 999 999 999 999 999 1
1 999 999 999 999 999 999 1
1 999 999 999 999 999 999 1
1 999 999 999 999 999 999 1
1 999 999 999 999 999 999 1
1 999 999 999 999 999 999 1
1 999 999 999 999 999 999 1
1 999 999 999 999 999 999 1
1 999 999 999 999 999 999 1
1 999 999 999 999 999 999 1
1 999 999 999 999 999 999 1
1 999 999 999 999 999 999 1
1 999 999 999 999 999 999 1
1 999 999 999 999 999 999 1
1 999 999 999 999 999 999 1
1 999 999 999 999 999 999 1
1 999 999 999 999 999 999 1
1 999 999 999 999 999 999 1
1 999 999 999 999 999 999 1
1 999 999 999 999 999 999 1
1 999 999 999 999 999 999 1
1 999 999 999 999 999 999 1
202 999 999 999 999 999 999 428
Case #16: Possible
1 1 999 999 999 1 1
999 1 1 999 1 1 999
999 999 1 1 1 999 999
999 999 1 1 1 999 999
999 1 1 999 1 1 999
1 1 999 999 999 1 1
1 999 999 999 999 999 1
1 999 999 999 999 999 1
1 999 999 999 999 999 1
1 999 999 999 999 999 1
1 999 999 999 999 999 1
1 999 999 999 999 999 1
1 999 999 999 999 999 1
1 999 999 999 999 999 1
1 999 999 999 999 999 1
1 999 999 999 999 999 1
1 999 999 999 999 999 1
1 999 999 999 999 999 1
1 999 999 999 999 999 1
1 999 999 999 999 999 1
1 999 999 999 999 999 1
1 999 999 999 999 999 1
1 999 999 999 999 999 1
1 999 999 999 999 999 1
1 999 999 999 999 999 1
1 999 999 999 999 999 1
1 999 999 999 999 999 1
1 999 999 999 999 999 1
1 999 999 999 999 999 1
1 999 999 999 999 999 1
1 999 999 999 999 999 1
1 999 999 999 999 999 1
1 999 999 999 999 999 1
1 999 999 999 999 999 1
1 999 999 999 999 999 1
1 999 999 999 999 999 1
1 999 999 999 999 999 1
1 999 999 999 999 999 1
1 999 999 999 999 999 1
1 999 999 999 999 999 1
1 999 999 999 999 999 1
1 999 999 999 999 999 1
1 999 999 999 999 999 1
1 999 999 999 999 999 1
1 999 999 999 999 999 1
1 999 999 999 999 999 1
1 999 999 999 999 999 1
1 999 999 999 999 999 1
51 999 999 999 999 999 258
Case #17: Possible
1 1 999 1 1
999 1 1 1 999
999 1 1 1 999
132 1 999 1 1
Case #18: Possible
1 1 1
8 1 9
Case #19: Impossible
Case #20: Possible
1 1 999 999 999 999 1 1
999 1 1 999 999 1 1 999
999 999 1 1 1 1 999 999
999 999 999 1 1 999 999 999
999 999 1 1 1 1 999 999
999 1 1 999 999 1 1 999
1 1 999 999 999 999 1 1
1 999 999 999 999 999 999 1
1 999 999 999 999 999 999 1
1 999 999 999 999 999 999 1
1 999 999 999 999 999 999 1
1 999 999 999 999 999 999 1
1 999 999 999 999 999 999 1
1 999 999 999 999 999 999 1
1 999 999 999 999 999 999 1
1 999 999 999 999 999 999 1
1 999 999 999 999 999 999 1
1 999 999 999 999 999 999 1
1 999 999 999 999 999 999 1
1 999 999 999 999 999 999 1
1 999 999 999 999 999 999 1
1 999 999 999 999 999 999 1
1 999 999 999 999 999 999 1
1 999 999 999 999 999 999 1
1 999 999 999 999 999 999 1
1 999 999 999 999 999 999 1
1 999 999 999 999 999 999 1
1 999 999 999 999 999 999 1
1 999 999 999 999 999 999 1
1 999 999 999 999 999 999 1
1 999 999 999 999 999 999 1
1 999 999 999 999 999 999 1
1 999 999 999 999 999 999 1
55 999 999 999 999 999 999 46
Case #21: Possible
1 1 999 999 999 999 999 999 999 999 999 1 1
999 1 1 999 999 999 999 999 999 999 1 1 999
999 999 1 1 999 999 999 999 999 1 1 999 999
999 999 999 1 1 999 999 999 1 1 999 999 999
999 999 999 999 1 1 999 1 1 999 999 999 999
999 999 999 999 999 1 1 1 999 999 999 999 999
999 999 999 999 999 1 1 1 999 999 999 999 999
999 999 999 999 1 1 999 1 1 999 999 999 999
999 999 999 1 1 999 999 999 1 1 999 999 999
999 999 1 1 999 999 999 999 999 1 1 999 999
382 1 1 999 999 999 999 999 999 999 1 1 158
Case #22: Possible
1 1
997 997
Case #23: Possible
1 1 1
365 1 249
Case #24: Impossible
Case #25: Possible
1 1 999 999 999 999 999 999 999 999 999 999 999 999 999 999 999 999 999 999 999 999 999 999 999 999 999 999 999 999 999 999 999 999 999 999 999 999 999 999 999 999 999 999 999 999 999 999 1 1
999 1 1 999 999 999 999 999 999 999 999 999 999 999 999 999 999 999 999 999 999 999 999 999 999 999 999 999 999 999 999 999 999 999 999 999 999 999 999 999 999 999 999 999 999 999 999 1 1 999
999 999 1 1 999 999 999 999 999 999 999 999 999 999 999 999 999 999 999 999 999 999 999 999 999 999 999 999 999 999 999 999 999 999 999 999 999 999 999 999 999 999 999 999 999 999 1 1 999 999
999 999 999 1 1 999 999 999 999 999 999 999 999 999 999 999 999 999 999 999 999 999 999 999 999 999 999 999 999 999 999 999 999 999 999 999 999 999 999 999 999 999 999 999 999 1 1 999 999 999
999 999 999 999 1 1 999 999 999 999 999 999 999 999 999 999 999 999 999 999 999 999 999 999 999 999 999 999 999 999 999 999 999 999 999 999 999 999 999 999 999 999 999 999 1 1 999 999 999 999
999 999 999 999 999 1 1 999 999 999 999 999 999 999 999 999 999 999 999 999 999 999 999 999 999 999 999 999 999 999 999 999 999 999 999 999 999 999 999 999 999 999 999 1 1 999 999 999 999 999
999 999 999 999 999 999 1 1 999 999 999 999 999 999 999 999 999 999 999 999 999 999 999 999 999 999 999 999 999 999 999 999 999 999 999 999 999 999 999 999 999 999 1 1 999 999 999 999 999 999
999 999 999 999 999 999 999 1 1 999 999 999 999 999 999 999 999 999 999 999 999 999 999 999 999 999 999 999 999 999 999 999 999 999 999 999 999 999 999 999 999 1 1 999 999 999 999 999 999 999
999 999 999 999 999 999 999 999 1 1 999 999 999 999 999 999 999 999 999 999 999 999 999 999 999 999 999 999 999 999 999 999 999 999 999 999 999 999 999 999 1 1 999 999 999 999 999 999 999 999
999 999 999 999 999 999 999 999 999 1 1 999 999 999 999 999 999 999 999 999 999 999 999 999 999 999 999 999 999 999 999 999 999 999 999 999 999 999 999 1 1 999 999 999 999 999 999 999 999 999
999 999 999 999 999 999 999 999 999 999 1 1 999 999 999 999 999 999 999 999 999 999 999 999 999 999 999 999 999 999 999 999 999 999 999 999 999 999 1 1 999 999 999 999 999 999 999 999 999 999
999 999 999 999 999 999 999 999 999 999 999 1 1 999 999 999 999 999 999 999 999 999 999 999 999 999 999 999 999 999 999 999 999 999 999 999 999 1 1 999 999 999 999 999 999 999 999 999 999 999
999 999 999 999 999 999 999 999 999 999 999 999 1 1 999 999 999 999 999 999 999 999 999 999 999 999 999 999 999 999 999 999 999 999 999 999 1 1 999 999 999 999 999 999 999 999 999 999 999 999
999 999 999 999 999 999 999 999 999 999 999 999 999 1 1 999 999 999 999 999 999 999 999 999 999 999 999 999 999 999 999 999 999 999 999 1 1 999 999 999 999 999 999 999 999 999 999 999 999 999
999 999 999 999 999 999 999 999 999 999 999 999 999 999 1 1 999 999 999 999 999 999 999 999 999 999 999 999 999 999 999 999 999 999 1 1 999 999 999 999 999 999 999 999 999 999 999 999 999 999
999 999 999 999 999 999 999 999 999 999 999 999 999 999 999 1 1 999 999 999 999 999 999 999 999 999 999 999 999 999 999 999 999 1 1 999 999 999 999 999 999 999 999 999 999 999 999 999 999 999
999 999 999 999 999 999 999 999 999 999 999 999 999 999 999 999 1 1 999 999 999 999 999 999 999 999 999 999 999 999 999 999 1 1 999 999 999 999 999 999 999 999 999 999 999 999 999 999 999 999
999 999 999 999 999 999 999 999 999 999 999 999 999 999 999 999 999 1 1 999 999 999 999 999 999 999 999 999 999 999 999 1 1 999 999 999 999 999 999 999 999 999 999 999 999 999 999 999 999 999
999 999 999 999 999 999 999 999 999 999 999 999 999 999 999 999 999 999 1 1 999 999 999 999 999 999 999 999 999 999 1 1 999 999 999 999 999 999 999 999 999 999 999 999 999 999 999 999 999 999
999 999 999 999 999 999 999 999 999 999 999 999 999 999 999 999 999 999 999 1 1 999 999 999 999 999 999 999 999 1 1 999 999 999 999 999 999 999 999 999 999 999 999 999 999 999 999 999 999 999
999 999 999 999 999 999 999 999 999 999 999 999 999 999 999 999 999 999 999 999 1 1 999 999 999 999 999 999 1 1 999 999 999 999 999 999 999 999 999 999 999 999 999 999 999 999 999 999 999 999
999 999 999 999 999 999 999 999 999 999 999 999 999 999 999 999 999 999 999 999 999 1 1 999 999 999 999 1 1 999 999 999 999 999 999 999 999 999 999 999 999 999 999 999 999 999 999 999 999 999
999 999 999 999 999 999 999 999 999 999 999 999 999 999 999 999 999 999 999 999 999 999 1 1 999 999 1 1 999 999 999 999 999 999 999 999 999 999 999 999 999 999 999 999 999 999 999 999 999 999
999 999 999 999 999 999 999 999 999 999 999 999 999 999 999 999 999 999 999 999 999 999 999 1 1 1 1 999 999 999 999 999 999 999 999 999 999 999 999 999 999 999 999 999 999 999 999 999 999 999
999 999 999 999 999 999 999 999 999 999 999 999 999 999 999 999 999 999 999 999 999 999 999 999 1 1 999 999 999 999 999 999 999 999 999 999 999 999 999 999 999 999 999 999 999 999 999 999 999 999
999 999 999 999 999 999 999 999 999 999 999 999 999 999 999 999 999 999 999 999 999 999 999 1 1 1 1 999 999 999 999 999 999 999 999 999 999 999 999 999 999 999 999 999 999 999 999 999 999 999
999 999 999 999 999 999 999 999 999 999 999 999 999 999 999 999 999 999 999 999 999 999 1 1 999 999 1 1 999 999 999 999 999 999 999 999 999 999 999 999 999 999 999 999 999 999 999 999 999 999
999 999 999 999 999 999 999 999 999 999 999 999 999 999 999 999 999 999 999 999 999 1 1 999 999 999 999 1 1 999 999 999 999 999 999 999 999 999 999 999 999 999 999 999 999 999 999 999 999 999
999 999 999 999 999 999 999 999 999 999 999 999 999 999 999 999 999 999 999 999 1 1 999 999 999 999 999 999 1 1 999 999 999 999 999 999 999 999 999 999 999 999 999 999 999 999 999 999 999 999
999 999 999 999 999 999 999 999 999 999 999 999 999 999 999 999 999 999 999 1 1 999 999 999 999 999 999 999 999 1 1 999 999 999 999 999 999 999 999 999 999 999 999 999 999 999 999 999 999 999
999 999 999 999 999 999 999 999 999 999 999 999 999 999 999 999 999 999 1 1 999 999 999 999 999 999 999 999 999 999 1 1 999 999 999 999 999 999 999 999 999 999 999 999 999 999 999 999 999 999
999 999 999 999 999 999 999 999 999 999 999 999 999 999 999 999 999 1 1 999 999 999 999 999 999 999 999 999 999 999 999 1 1 999 999 999 999 999 999 999 999 999 999 999 999 999 999 999 999 999
999 999 999 999 999 999 999 999 999 999 999 999 999 999 999 999 1 1 999 999 999 999 999 999 999 999 999 999 999 999 999 999 1 1 999 999 999 999 999 999 999 999 999 999 999 999 999 999 999 999
999 999 999 999 999 999 999 999 999 999 999 999 999 999 999 1 1 999 999 999 999 999 999 999 999 999 999 999 999 999 999 999 999 1 1 999 999 999 999 999 999 999 999 999 999 999 999 999 999 999
999 999 999 999 999 999 999 999 999 999 999 999 999 999 1 1 999 999 999 999 999 999 999 999 999 999 999 999 999 999 999 999 999 999 1 1 999 999 999 999 999 999 999 999 999 999 999 999 999 999
999 999 999 999 999 999 999 999 999 999 999 999 999 1 1 999 999 999 999 999 999 999 999 999 999 999 999 999 999 999 999 999 999 999 999 1 1 999 999 999 999 999 999 999 999 999 999 999 999 999
999 999 999 999 999 999 999 999 999 999 999 999 1 1 999 999 999 999 999 999 999 999 999 999 999 999 999 999 999 999 999 999 999 999 999 999 1 1 999 999 999 999 999 999 999 999 999 999 999 999
999 999 999 999 999 999 999 999 999 999 999 1 1 999 999 999 999 999 999 999 999 999 999 999 999 999 999 999 999 999 999 999 999 999 999 999 999 1 1 999 999 999 999 999 999 999 999 999 999 999
999 999 999 999 999 999 999 999 999 999 1 1 999 999 999 999 999 999 999 999 999 999 999 999 999 999 999 999 999 999 999 999 999 999 999 999 999 999 1 1 999 999 999 999 999 999 999 999 999 999
999 999 999 999 999 999 999 999 999 1 1 999 999 999 999 999 999 999 999 999 999 999 999 999 999 999 999 999 999 999 999 999 999 999 999 999 999 999 999 1 1 999 999 999 999 999 999 999 999 999
999 999 999 999 999 999 999 999 1 1 999 999 999 999 999 999 999 999 999 999 999 999 999 999 999 999 999 999 999 999 999 999 999 999 999 999 999 999 999 999 1 1 999 999 999 999 999 999 999 999
999 999 999 999 999 999 999 1 1 999 999 999 999 999 999 999 999 999 999 999 999 999 999 999 999 999 999 999 999 999 999 999 999 999 999 999 999 999 999 999 999 1 1 999 999 999 999 999 999 999
999 999 999 999 999 999 1 1 999 999 999 999 999 999 999 999 999 999 999 999 999 999 999 999 999 999 999 999 999 999 999 999 999 999 999 999 999 999 999 999 999 999 1 1 999 999 999 999 999 999
999 999 999 999 999 1 1 999 999 999 999 999 999 999 999 999 999 999 999 999 999 999 999 999 999 999 999 999 999 999 999 999 999 999 999 999 999 999 999 999 999 999 999 1 1 999 999 999 999 999
999 999 999 999 1 1 999 999 999 999 999 999 999 999 999 999 999 999 999 999 999 999 999 999 999 999 999 999 999 999 999 999 999 999 999 999 999 999 999 999 999 999 999 999 1 1 999 999 999 999
999 999 999 1 1 999 999 999 999 999 999 999 999 999 999 999 999 999 999 999 999 999 999 999 999 999 999 999 999 999 999 999 999 999 999 999 999 999 999 999 999 999 999 999 999 1 1 999 999 999
999 999 1 1 999 999 999 999 999 999 999 999 999 999 999 999 999 999 999 999 999 999 999 999 999 999 999 999 999 999 999 999 999 999 999 999 999 999 999 999 999 999 999 999 999 999 1 1 999 999
999 1 1 999 999 999 999 999 999 999 999 999 999 999 999 999 999 999 999 999 999 999 999 999 999 999 999 999 999 999 999 999 999 999 999 999 999 999 999 999 999 999 999 999 999 999 999 1 1 999
1 1 999 999 999 999 999 999 999 999 999 999 999 999 999 999 999 999 999 999 999 999 999 999 999 999 999 999 999 999 999 999 999 999 999 999 999 999 999 999 999 999 999 999 999 999 999 999 1 1
902 999 999 999 999 999 999 999 999 999 999 999 999 999 999 999 999 999 999 999 999 999 999 999 999 999 999 999 999 999 999 999 999 999 999 999 999 999 999 999 999 999 999 999 999 999 999 999 999 902
Case #26: Possible
1 1 999 999 999 999 1 1
999 1 1 999 999 1 1 999
999 999 1 1 1 1 999 999
999 999 999 1 1 999 999 999
999 999 1 1 1 1 999 999
401 1 1 999 999 1 1 152
Case #27: Possible
1 1 1 1
999 1 1 999
1 1 1 1
205 999 999 181
Case #28: Possible
1 1 999 999 999 999 999 999 999 999 999 999 999 999 999 999 999 999 999 999 999 999 999 999 999 999 999 999 999 999 999 999 999 999 999 999 999 999 999 999 999 999 999 999 999 999 999 1 1
190 1 1 1 1 1 1 1 1 1 1 1 1 1 1 1 1 1 1 1 1 1 1 1 1 1 1 1 1 1 1 1 1 1 1 1 1 1 1 1 1 1 1 1 1 1 1 1 308
Case #29: Impossible
Case #30: Possible
1 1 999 999 999 999 999 999 999 999 999 999 999 999 999 999 999 999 999 999 999 999 999 999 999 999 999 999 999 999 999 999 999 999 999 999 999 999 999 999 999 999 999 999 999 999 999 999 1 1
999 1 1 999 999 999 999 999 999 999 999 999 999 999 999 999 999 999 999 999 999 999 999 999 999 999 999 999 999 999 999 999 999 999 999 999 999 999 999 999 999 999 999 999 999 999 999 1 1 999
999 999 1 1 999 999 999 999 999 999 999 999 999 999 999 999 999 999 999 999 999 999 999 999 999 999 999 999 999 999 999 999 999 999 999 999 999 999 999 999 999 999 999 999 999 999 1 1 999 999
999 999 999 1 1 999 999 999 999 999 999 999 999 999 999 999 999 999 999 999 999 999 999 999 999 999 999 999 999 999 999 999 999 999 999 999 999 999 999 999 999 999 999 999 999 1 1 999 999 999
999 999 999 999 1 1 999 999 999 999 999 999 999 999 999 999 999 999 999 999 999 999 999 999 999 999 999 999 999 999 999 999 999 999 999 999 999 999 999 999 999 999 999 999 1 1 999 999 999 999
999 999 999 999 999 1 1 999 999 999 999 999 999 999 999 999 999 999 999 999 999 999 999 999 999 999 999 999 999 999 999 999 999 999 999 999 999 999 999 999 999 999 999 1 1 999 999 999 999 999
999 999 999 999 999 999 1 1 999 999 999 999 999 999 999 999 999 999 999 999 999 999 999 999 999 999 999 999 999 999 999 999 999 999 999 999 999 999 999 999 999 999 1 1 999 999 999 999 999 999
999 999 999 999 999 999 999 1 1 999 999 999 999 999 999 999 999 999 999 999 999 999 999 999 999 999 999 999 999 999 999 999 999 999 999 999 999 999 999 999 999 1 1 999 999 999 999 999 999 999
999 999 999 999 999 999 999 999 1 1 999 999 999 999 999 999 999 999 999 999 999 999 999 999 999 999 999 999 999 999 999 999 999 999 999 999 999 999 999 999 1 1 999 999 999 999 999 999 999 999
999 999 999 999 999 999 999 999 999 1 1 999 999 999 999 999 999 999 999 999 999 999 999 999 999 999 999 999 999 999 999 999 999 999 999 999 999 999 999 1 1 999 999 999 999 999 999 999 999 999
999 999 999 999 999 999 999 999 999 999 1 1 999 999 999 999 999 999 999 999 999 999 999 999 999 999 999 999 999 999 999 999 999 999 999 999 999 999 1 1 999 999 999 999 999 999 999 999 999 999
999 999 999 999 999 999 999 999 999 999 999 1 1 999 999 999 999 999 999 999 999 999 999 999 999 999 999 999 999 999 999 999 999 999 999 999 999 1 1 999 999 999 999 999 999 999 999 999 999 999
999 999 999 999 999 999 999 999 999 999 999 999 1 1 999 999 999 999 999 999 999 999 999 999 999 999 999 999 999 999 999 999 999 999 999 999 1 1 999 999 999 999 999 999 999 999 999 999 999 999
999 999 999 999 999 999 999 999 999 999 999 999 999 1 1 999 999 999 999 999 999 999 999 999 999 999 999 999 999 999 999 999 999 999 999 1 1 999 999 999 999 999 999 999 999 999 999 999 999 999
999 999 999 999 999 999 999 999 999 999 999 999 999 999 1 1 999 999 999 999 999 999 999 999 999 999 999 999 999 999 999 999 999 999 1 1 999 999 999 999 999 999 999 999 999 999 999 999 999 999
999 999 999 999 999 999 999 999 999 999 999 999 999 999 999 1 1 999 999 999 999 999 999 999 999 999 999 999 999 999 999 999 999 1 1 999 999 999 999 999 999 999 999 999 999 999 999 999 999 999
999 999 999 999 999 999 999 999 999 999 999 999 999 999 999 999 1 1 999 999 999 999 999 999 999 999 999 999 999 999 999 999 1 1 999 999 999 999 999 999 999 999 999 999 999 999 999 999 999 999
999 999 999 999 999 999 999 999 999 999 999 999 999 999 999 999 999 1 1 999 999 999 999 999 999 999 999 999 999 999 999 1 1 999 999 999 999 999 999 999 999 999 999 999 999 999 999 999 999 999
999 999 999 999 999 999 999 999 999 999 999 999 999 999 999 999 999 999 1 1 999 999 999 999 999 999 999 999 999 999 1 1 999 999 999 999 999 999 999 999 999 999 999 999 999 999 999 999 999 999
999 999 999 999 999 999 999 999 999 999 999 999 999 999 999 999 999 999 999 1 1 999 999 999 999 999 999 999 999 1 1 999 999 999 999 999 999 999 999 999 999 999 999 999 999 999 999 999 999 999
999 999 999 999 999 999 999 999 999 999 999 999 999 999 999 999 999 999 999 999 1 1 999 999 999 999 999 999 1 1 999 999 999 999 999 999 999 999 999 999 999 999 999 999 999 999 999 999 999 999
999 999 999 999 999 999 999 999 999 999 999 999 999 999 999 999 999 999 999 999 999 1 1 999 999 999 999 1 1 999 999 999 999 999 999 999 999 999 999 999 999 999 999 999 999 999 999 999 999 999
999 999 999 999 999 999 999 999 999 999 999 999 999 999 999 999 999 999 999 999 999 999 1 1 999 999 1 1 999 999 999 999 999 999 999 999 999 999 999 999 999 999 999 999 999 999 999 999 999 999
999 999 999 999 999 999 999 999 999 999 999 999 999 999 999 999 999 999 999 999 999 999 999 1 1 1 1 999 999 999 999 999 999 999 999 999 999 999 999 999 999 999 999 999 999 999 999 999 999 999
999 999 999 999 999 999 999 999 999 999 999 999 999 999 999 999 999 999 999 999 999 999 999 999 1 1 999 999 999 999 999 999 999 999 999 999 999 999 999 999 999 999 999 999 999 999 999 999 999 999
999 999 999 999 999 999 999 999 999 999 999 999 999 999 999 999 999 999 999 999 999 999 999 1 1 1 1 999 999 999 999 999 999 999 999 999 999 999 999 999 999 999 999 999 999 999 999 999 999 999
999 999 999 999 999 999 999 999 999 999 999 999 999 999 999 999 999 999 999 999 999 999 1 1 999 999 1 1 999 999 999 999 999 999 999 999 999 999 999 999 999 999 999 999 999 999 999 999 999 999
999 999 999 999 999 999 999 999 999 999 999 999 999 999 999 999 999 999 999 999 999 1 1 999 999 999 999 1 1 999 999 999 999 999 999 999 999 999 999 999 999 999 999 999 999 999 999 999 999 999
999 999 999 999 999 999 999 999 999 999 999 999 999 999 999 999 999 999 999 999 1 1 999 999 999 999 999 999 1 1 999 999 999 999 999 999 999 999 999 999 999 999 999 999 999 999 999 999 999 999
999 999 999 999 999 999 999 999 999 999 999 999 999 999 999 999 999 999 999 1 1 999 999 999 999 999 999 999 999 1 1 999 999 999 999 999 999 999 999 999 999 999 999 999 999 999 999 999 999 999
999 999 999 999 999 999 999 999 999 999 999 999 999 999 999 999 999 999 1 1 999 999 999 999 999 999 999 999 999 999 1 1 999 999 999 999 999 999 999 999 999 999 999 999 999 999 999 999 999 999
999 999 999 999 999 999 999 999 999 999 999 999 999 999 999 999 999 1 1 999 999 999 999 999 999 999 999 999 999 999 999 1 1 999 999 999 999 999 999 999 999 999 999 999 999 999 999 999 999 999
999 999 999 999 999 999 999 999 999 999 999 999 999 999 999 999 1 1 999 999 999 999 999 999 999 999 999 999 999 999 999 999 1 1 999 999 999 999 999 999 999 999 999 999 999 999 999 999 999 999
999 999 999 999 999 999 999 999 999 999 999 999 999 999 999 1 1 999 999 999 999 999 999 999 999 999 999 999 999 999 999 999 999 1 1 999 999 999 999 999 999 999 999 999 999 999 999 999 999 999
999 999 999 999 999 999 999 999 999 999 999 999 999 999 1 1 999 999 999 999 999 999 999 999 999 999 999 999 999 999 999 999 999 999 1 1 999 999 999 999 999 999 999 999 999 999 999 999 999 999
999 999 999 999 999 999 999 999 999 999 999 999 999 1 1 999 999 999 999 999 999 999 999 999 999 999 999 999 999 999 999 999 999 999 999 1 1 999 999 999 999 999 999 999 999 999 999 999 999 999
999 999 999 999 999 999 999 999 999 999 999 999 1 1 999 999 999 999 999 999 999 999 999 999 999 999 999 999 999 999 999 999 999 999 999 999 1 1 999 999 999 999 999 999 999 999 999 999 999 999
999 999 999 999 999 999 999 999 999 999 999 1 1 999 999 999 999 999 999 999 999 999 999 999 999 999 999 999 999 999 999 999 999 999 999 999 999 1 1 999 999 999 999 999 999 999 999 999 999 999
999 999 999 999 999 999 999 999 999 999 1 1 999 999 999 999 999 999 999 999 999 999 999 999 999 999 999 999 999 999 999 999 999 999 999 999 999 999 1 1 999 999 999 999 999 999 999 999 999 999
999 999 999 999 999 999 999 999 999 1 1 999 999 999 999 999 999 999 999 999 999 999 999 999 999 999 999 999 999 999 999 999 999 999 999 999 999 999 999 1 1 999 999 999 999 999 999 999 999 999
999 999 999 999 999 999 999 999 1 1 999 999 999 999 999 999 999 999 999 999 999 999 999 999 999 999 999 999 999 999 999 999 999 999 999 999 999 999 999 999 1 1 999 999 999 999 999 999 999 999
999 999 999 999 999 999 999 1 1 999 999 999 999 999 999 999 999 999 999 999 999 999 999 999 999 999 999 999 999 999 999 999 999 999 999 999 999 999 999 999 999 1 1 999 999 999 999 999 999 999
999 999 999 999 999 999 1 1 999 999 999 999 999 999 999 999 999 999 999 999 999 999 999 999 999 999 999 999 999 999 999 999 999 999 999 999 999 999 999 999 999 999 1 1 999 999 999 999 999 999
999 999 999 999 999 1 1 999 999 999 999 999 999 999 999 999 999 999 999 999 999 999 999 999 999 999 999 999 999 999 999 999 999 999 999 999 999 999 999 999 999 999 999 1 1 999 999 999 999 999
999 999 999 999 1 1 999 999 999 999 999 999 999 999 999 999 999 999 999 999 999 999 999 999 999 999 999 999 999 999 999 999 999 999 999 999 999 999 999 999 999 999 999 999 1 1 999 999 999 999
999 999 999 1 1 999 999 999 999 999 999 999 999 999 999 999 999 999 999 999 999 999 999 999 999 999 999 999 999 999 999 999 999 999 999 999 999 999 999 999 999 999 999 999 999 1 1 999 999 999
999 999 1 1 999 999 999 999 999 999 999 999 999 999 999 999 999 999 999 999 999 999 999 999 999 999 999 999 999 999 999 999 999 999 999 999 999 999 999 999 999 999 999 999 999 999 1 1 999 999
999 1 1 999 999 999 999 999 999 999 999 999 999 999 999 999 999 999 999 999 999 999 999 999 999 999 999 999 999 999 999 999 999 999 999 999 999 999 999 999 999 999 999 999 999 999 999 1 1 999
1 1 999 999 999 999 999 999 999 999 999 999 999 999 999 999 999 999 999 999 999 999 999 999 999 999 999 999 999 999 999 999 999 999 999 999 999 999 999 999 999 999 999 999 999 999 999 999 1 1
647 999 999 999 999 999 999 999 999 999 999 999 999 999 999 999 999 999 999 999 999 999 999 999 999 999 999 999 999 999 999 999 999 999 999 999 999 999 999 999 999 999 999 999 999 999 999 999 999 31
Case #31: Possible
1 1
1 1
Case #32: Possible
1 1 999 999 999 999 999 999 999 999 999 999 999 999 999 999 1 1
999 1 1 999 999 999 999 999 999 999 999 999 999 999 999 1 1 999
999 999 1 1 999 999 999 999 999 999 999 999 999 999 1 1 999 999
999 999 999 1 1 999 999 999 999 999 999 999 999 1 1 999 999 999
999 999 999 999 1 1 999 999 999 999 999 999 1 1 999 999 999 999
999 999 999 999 999 1 1 999 999 999 999 1 1 999 999 999 999 999
999 999 999 999 999 999 1 1 999 999 1 1 999 999 999 999 999 999
999 999 999 999 999 999 999 1 1 1 1 999 999 999 999 999 999 999
999 999 999 999 999 999 999 999 1 1 999 999 999 999 999 999 999 999
999 999 999 999 999 999 999 1 1 1 1 999 999 999 999 999 999 999
999 999 999 999 999 999 1 1 999 999 1 1 999 999 999 999 999 999
999 999 999 999 999 1 1 999 999 999 999 1 1 999 999 999 999 999
999 999 999 999 1 1 999 999 999 999 999 999 1 1 999 999 999 999
999 999 999 1 1 999 999 999 999 999 999 999 999 1 1 999 999 999
999 999 1 1 999 999 999 999 999 999 999 999 999 999 1 1 999 999
999 1 1 999 999 999 999 999 999 999 999 999 999 999 999 1 1 999
104 1 999 999 999 999 999 999 999 999 999 999 999 999 999 999 1 752
Case #33: Impossible
Case #34: Possible
1 1 999 999 999 999 999 999 999 999 1 1
999 1 1 999 999 999 999 999 999 1 1 999
999 999 1 1 999 999 999 999 1 1 999 999
999 999 999 1 1 999 999 1 1 999 999 999
999 999 999 999 1 1 1 1 999 999 999 999
999 999 999 999 999 1 1 999 999 999 999 999
999 999 999 999 1 1 1 1 999 999 999 999
999 999 999 1 1 999 999 1 1 999 999 999
999 999 1 1 999 999 999 999 1 1 999 999
999 1 1 999 999 999 999 999 999 1 1 999
1 1 999 999 999 999 999 999 999 999 1 1
1 999 999 999 999 999 999 999 999 999 999 1
1 999 999 999 999 999 999 999 999 999 999 1
1 999 999 999 999 999 999 999 999 999 999 1
1 999 999 999 999 999 999 999 999 999 999 1
1 999 999 999 999 999 999 999 999 999 999 1
29 999 999 999 999 999 999 999 999 999 999 316
Case #35: Possible
1 1 999 999 999 999 999 999 999 999 999 999 999 999 999 999 999 999 999 999 999 999 999 999 999 999 999 999 999 999 999 999 999 999 999 999 999 999 999 999 999 999 999 999 999 999 999 999 1 1
10 1 1 1 1 1 1 1 1 1 1 1 1 1 1 1 1 1 1 1 1 1 1 1 1 1 1 1 1 1 1 1 1 1 1 1 1 1 1 1 1 1 1 1 1 1 1 1 1 250
Case #36: Possible
1 1 999 999 999 999 999 999 999 999 999 999 999 999 999 999 999 999 999 999 999 999 999 999 1 1
999 1 1 999 999 999 999 999 999 999 999 999 999 999 999 999 999 999 999 999 999 999 999 1 1 999
999 999 1 1 999 999 999 999 999 999 999 999 999 999 999 999 999 999 999 999 999 999 1 1 999 999
999 999 999 1 1 999 999 999 999 999 999 999 999 999 999 999 999 999 999 999 999 1 1 999 999 999
999 999 999 999 1 1 999 999 999 999 999 999 999 999 999 999 999 999 999 999 1 1 999 999 999 999
999 999 999 999 999 1 1 999 999 999 999 999 999 999 999 999 999 999 999 1 1 999 999 999 999 999
999 999 999 999 999 999 1 1 999 999 999 999 999 999 999 999 999 999 1 1 999 999 999 999 999 999
999 999 999 999 999 999 999 1 1 999 999 999 999 999 999 999 999 1 1 999 999 999 999 999 999 999
999 999 999 999 999 999 999 999 1 1 999 999 999 999 999 999 1 1 999 999 999 999 999 999 999 999
999 999 999 999 999 999 999 999 999 1 1 999 999 999 999 1 1 999 999 999 999 999 999 999 999 999
999 999 999 999 999 999 999 999 999 999 1 1 999 999 1 1 999 999 999 999 999 999 999 999 999 999
999 999 999 999 999 999 999 999 999 999 999 1 1 1 1 999 999 999 999 999 999 999 999 999 999 999
999 999 999 999 999 999 999 999 999 999 999 999 1 1 999 999 999 999 999 999 999 999 999 999 999 999
999 999 999 999 999 999 999 999 999 999 999 1 1 1 1 999 999 999 999 999 999 999 999 999 999 999
999 999 999 999 999 999 999 999 999 999 1 1 999 999 1 1 999 999 999 999 999 999 999 999 999 999
999 999 999 999 999 999 999 999 999 1 1 999 999 999 999 1 1 999 999 999 999 999 999 999 999 999
999 999 999 999 999 999 999 999 1 1 999 999 999 999 999 999 1 1 999 999 999 999 999 999 999 999
999 999 999 999 999 999 999 1 1 999 999 999 999 999 999 999 999 1 1 999 999 999 999 999 999 999
999 999 999 999 999 999 1 1 999 999 999 999 999 999 999 999 999 999 1 1 999 999 999 999 999 999
999 999 999 999 999 1 1 999 999 999 999 999 999 999 999 999 999 999 999 1 1 999 999 999 999 999
999 999 999 999 1 1 999 999 999 999 999 999 999 999 999 999 999 999 999 999 1 1 999 999 999 999
999 999 999 1 1 999 999 999 999 999 999 999 999 999 999 999 999 999 999 999 999 1 1 999 999 999
999 999 1 1 999 999 999 999 999 999 999 999 999 999 999 999 999 999 999 999 999 999 1 1 999 999
999 1 1 999 999 999 999 999 999 999 999 999 999 999 999 999 999 999 999 999 999 999 999 1 1 999
1 1 999 999 999 999 999 999 999 999 999 999 999 999 999 999 999 999 999 999 999 999 999 999 1 1
1 999 999 999 999 999 999 999 999 999 999 999 999 999 999 999 999 999 999 999 999 999 999 999 999 1
1 999 999 999 999 999 999 999 999 999 999 999 999 999 999 999 999 999 999 999 999 999 999 999 999 1
1 999 999 999 999 999 999 999 999 999 999 999 999 999 999 999 999 999 999 999 999 999 999 999 999 1
1 999 999 999 999 999 999 999 999 999 999 999 999 999 999 999 999 999 999 999 999 999 999 999 999 1
1 999 999 999 999 999 999 999 999 999 999 999 999 999 999 999 999 999 999 999 999 999 999 999 999 1
1 999 999 999 999 999 999 999 999 999 999 999 999 999 999 999 999 999 999 999 999 999 999 999 999 1
1 999 999 999 999 999 999 999 999 999 999 999 999 999 999 999 999 999 999 999 999 999 999 999 999 1
1 999 999 999 999 999 999 999 999 999 999 999 999 999 999 999 999 999 999 999 999 999 999 999 999 1
1 999 999 999 999 999 999 999 999 999 999 999 999 999 999 999 999 999 999 999 999 999 999 999 999 1
54 999 999 999 999 999 999 999 999 999 999 999 999 999 999 999 999 999 999 999 999 999 999 999 999 102
Case #37: Possible
1 1 999 999 999 999 999 999 999 999 999 999 999 999 999 999 999 999 999 999 999 999 999 999 999 999 999 999 999 999 999 999 999 999 999 999 999 999 999 999 999 999 999 999 999 999 999 999 1 1
999 1 1 999 999 999 999 999 999 999 999 999 999 999 999 999 999 999 999 999 999 999 999 999 999 999 999 999 999 999 999 999 999 999 999 999 999 999 999 999 999 999 999 999 999 999 999 1 1 999
999 999 1 1 999 999 999 999 999 999 999 999 999 999 999 999 999 999 999 999 999 999 999 999 999 999 999 999 999 999 999 999 999 999 999 999 999 999 999 999 999 999 999 999 999 999 1 1 999 999
999 999 999 1 1 999 999 999 999 999 999 999 999 999 999 999 999 999 999 999 999 999 999 999 999 999 999 999 999 999 999 999 999 999 999 999 999 999 999 999 999 999 999 999 999 1 1 999 999 999
999 999 999 999 1 1 999 999 999 999 999 999 999 999 999 999 999 999 999 999 999 999 999 999 999 999 999 999 999 999 999 999 999 999 999 999 999 999 999 999 999 999 999 999 1 1 999 999 999 999
999 999 999 999 999 1 1 999 999 999 999 999 999 999 999 999 999 999 999 999 999 999 999 999 999 999 999 999 999 999 999 999 999 999 999 999 999 999 999 999 999 999 999 1 1 999 999 999 999 999
999 999 999 999 999 999 1 1 999 999 999 999 999 999 999 999 999 999 999 999 999 999 999 999 999 999 999 999 999 999 999 999 999 999 999 999 999 999 999 999 999 999 1 1 999 999 999 999 999 999
999 999 999 999 999 999 999 1 1 999 999 999 999 999 999 999 999 999 999 999 999 999 999 999 999 999 999 999 999 999 999 999 999 999 999 999 999 999 999 999 999 1 1 999 999 999 999 999 999 999
999 999 999 999 999 999 999 999 1 1 999 999 999 999 999 999 999 999 999 999 999 999 999 999 999 999 999 999 999 999 999 999 999 999 999 999 999 999 999 999 1 1 999 999 999 999 999 999 999 999
999 999 999 999 999 999 999 999 999 1 1 999 999 999 999 999 999 999 999 999 999 999 999 999 999 999 999 999 999 999 999 999 999 999 999 999 999 999 999 1 1 999 999 999 999 999 999 999 999 999
999 999 999 999 999 999 999 999 999 999 1 1 999 999 999 999 999 999 999 999 999 999 999 999 999 999 999 999 999 999 999 999 999 999 999 999 999 999 1 1 999 999 999 999 999 999 999 999 999 999
999 999 999 999 999 999 999 999 999 999 999 1 1 999 999 999 999 999 999 999 999 999 999 999 999 999 999 999 999 999 999 999 999 999 999 999 999 1 1 999 999 999 999 999 999 999 999 999 999 999
999 999 999 999 999 999 999 999 999 999 999 999 1 1 999 999 999 999 999 999 999 999 999 999 999 999 999 999 999 999 999 999 999 999 999 999 1 1 999 999 999 999 999 999 999 999 999 999 999 999
999 999 999 999 999 999 999 999 999 999 999 999 999 1 1 999 999 999 999 999 999 999 999 999 999 999 999 999 999 999 999 999 999 999 999 1 1 999 999 999 999 999 999 999 999 999 999 999 999 999
999 999 999 999 999 999 999 999 999 999 999 999 999 999 1 1 999 999 999 999 999 999 999 999 999 999 999 999 999 999 999 999 999 999 1 1 999 999 999 999 999 999 999 999 999 999 999 999 999 999
999 999 999 999 999 999 999 999 999 999 999 999 999 999 999 1 1 999 999 999 999 999 999 999 999 999 999 999 999 999 999 999 999 1 1 999 999 999 999 999 999 999 999 999 999 999 999 999 999 999
999 999 999 999 999 999 999 999 999 999 999 999 999 999 999 999 1 1 999 999 999 999 999 999 999 999 999 999 999 999 999 999 1 1 999 999 999 999 999 999 999 999 999 999 999 999 999 999 999 999
999 999 999 999 999 999 999 999 999 999 999 999 999 999 999 999 999 1 1 999 999 999 999 999 999 999 999 999 999 999 999 1 1 999 999 999 999 999 999 999 999 999 999 999 999 999 999 999 999 999
999 999 999 999 999 999 999 999 999 999 999 999 999 999 999 999 999 999 1 1 999 999 999 999 999 999 999 999 999 999 1 1 999 999 999 999 999 999 999 999 999 999 999 999 999 999 999 999 999 999
999 999 999 999 999 999 999 999 999 999 999 999 999 999 999 999 999 999 999 1 1 999 999 999 999 999 999 999 999 1 1 999 999 999 999 999 999 999 999 999 999 999 999 999 999 999 999 999 999 999
999 999 999 999 999 999 999 999 999 999 999 999 999 999 999 999 999 999 999 999 1 1 999 999 999 999 999 999 1 1 999 999 999 999 999 999 999 999 999 999 999 999 999 999 999 999 999 999 999 999
999 999 999 999 999 999 999 999 999 999 999 999 999 999 999 999 999 999 999 999 999 1 1 999 999 999 999 1 1 999 999 999 999 999 999 999 999 999 999 999 999 999 999 999 999 999 999 999 999 999
999 999 999 999 999 999 999 999 999 999 999 999 999 999 999 999 999 999 999 999 999 999 1 1 999 999 1 1 999 999 999 999 999 999 999 999 999 999 999 999 999 999 999 999 999 999 999 999 999 999
999 999 999 999 999 999 999 999 999 999 999 999 999 999 999 999 999 999 999 999 999 999 999 1 1 1 1 999 999 999 999 999 999 999 999 999 999 999 999 999 999 999 999 999 999 999 999 999 999 999
999 999 999 999 999 999 999 999 999 999 999 999 999 999 999 999 999 999 999 999 999 999 999 999 1 1 999 999 999 999 999 999 999 999 999 999 999 999 999 999 999 999 999 999 999 999 999 999 999 999
999 999 999 999 999 999 999 999 999 999 999 999 999 999 999 999 999 999 999 999 999 999 999 1 1 1 1 999 999 999 999 999 999 999 999 999 999 999 999 999 999 999 999 999 999 999 999 999 999 999
999 999 999 999 999 999 999 999 999 999 999 999 999 999 999 999 999 999 999 999 999 999 1 1 999 999 1 1 999 999 999 999 999 999 999 999 999 999 999 999 999 999 999 999 999 999 999 999 999 999
999 999 999 999 999 999 999 999 999 999 999 999 999 999 999 999 999 999 999 999 999 1 1 999 999 999 999 1 1 999 999 999 999 999 999 999 999 999 999 999 999 999 999 999 999 999 999 999 999 999
999 999 999 999 999 999 999 999 999 999 999 999 999 999 999 999 999 999 999 999 1 1 999 999 999 999 999 999 1 1 999 999 999 999 999 999 999 999 999 999 999 999 999 999 999 999 999 999 999 999
999 999 999 999 999 999 999 999 999 999 999 999 999 999 999 999 999 999 999 1 1 999 999 999 999 999 999 999 999 1 1 999 999 999 999 999 999 999 999 999 999 999 999 999 999 999 999 999 999 999
999 999 999 999 999 999 999 999 999 999 999 999 999 999 999 999 999 999 1 1 999 999 999 999 999 999 999 999 999 999 1 1 999 999 999 999 999 999 999 999 999 999 999 999 999 999 999 999 999 999
999 999 999 999 999 999 999 999 999 999 999 999 999 999 999 999 999 1 1 999 999 999 999 999 999 999 999 999 999 999 999 1 1 999 999 999 999 999 999 999 999 999 999 999 999 999 999 999 999 999
999 999 999 999 999 999 999 999 999 999 999 999 999 999 999 999 1 1 999 999 999 999 999 999 999 999 999 999 999 999 999 999 1 1 999 999 999 999 999 999 999 999 999 999 999 999 999 999 999 999
999 999 999 999 999 999 999 999 999 999 999 999 999 999 999 1 1 999 999 999 999 999 999 999 999 999 999 999 999 999 999 999 999 1 1 999 999 999 999 999 999 999 999 999 999 999 999 999 999 999
999 999 999 999 999 999 999 999 999 999 999 999 999 999 1 1 999 999 999 999 999 999 999 999 999 999 999 999 999 999 999 999 999 999 1 1 999 999 999 999 999 999 999 999 999 999 999 999 999 999
999 999 999 999 999 999 999 999 999 999 999 999 999 1 1 999 999 999 999 999 999 999 999 999 999 999 999 999 999 999 999 999 999 999 999 1 1 999 999 999 999 999 999 999 999 999 999 999 999 999
999 999 999 999 999 999 999 999 999 999 999 999 1 1 999 999 999 999 999 999 999 999 999 999 999 999 999 999 999 999 999 999 999 999 999 999 1 1 999 999 999 999 999 999 999 999 999 999 999 999
999 999 999 999 999 999 999 999 999 999 999 1 1 999 999 999 999 999 999 999 999 999 999 999 999 999 999 999 999 999 999 999 999 999 999 999 999 1 1 999 999 999 999 999 999 999 999 999 999 999
999 999 999 999 999 999 999 999 999 999 1 1 999 999 999 999 999 999 999 999 999 999 999 999 999 999 999 999 999 999 999 999 999 999 999 999 999 999 1 1 999 999 999 999 999 999 999 999 999 999
999 999 999 999 999 999 999 999 999 1 1 999 999 999 999 999 999 999 999 999 999 999 999 999 999 999 999 999 999 999 999 999 999 999 999 999 999 999 999 1 1 999 999 999 999 999 999 999 999 999
999 999 999 999 999 999 999 999 1 1 999 999 999 999 999 999 999 999 999 999 999 999 999 999 999 999 999 999 999 999 999 999 999 999 999 999 999 999 999 999 1 1 999 999 999 999 999 999 999 999
999 999 999 999 999 999 999 1 1 999 999 999 999 999 999 999 999 999 999 999 999 999 999 999 999 999 999 999 999 999 999 999 999 999 999 999 999 999 999 999 999 1 1 999 999 999 999 999 999 999
999 999 999 999 999 999 1 1 999 999 999 999 999 999 999 999 999 999 999 999 999 999 999 999 999 999 999 999 999 999 999 999 999 999 999 999 999 999 999 999 999 999 1 1 999 999 999 999 999 999
999 999 999 999 999 1 1 999 999 999 999 999 999 999 999 999 999 999 999 999 999 999 999 999 999 999 999 999 999 999 999 999 999 999 999 999 999 999 999 999 999 999 999 1 1 999 999 999 999 999
999 999 999 999 1 1 999 999 999 999 999 999 999 999 999 999 999 999 999 999 999 999 999 999 999 999 999 999 999 999 999 999 999 999 999 999 999 999 999 999 999 999 999 999 1 1 999 999 999 999
999 999 999 1 1 999 999 999 999 999 999 999 999 999 999 999 999 999 999 999 999 999 999 999 999 999 999 999 999 999 999 999 999 999 999 999 999 999 999 999 999 999 999 999 999 1 1 999 999 999
999 999 1 1 999 999 999 999 999 999 999 999 999 999 999 999 999 999 999 999 999 999 999 999 999 999 999 999 999 999 999 999 999 999 999 999 999 999 999 999 999 999 999 999 999 999 1 1 999 999
999 1 1 999 999 999 999 999 999 999 999 999 999 999 999 999 999 999 999 999 999 999 999 999 999 999 999 999 999 999 999 999 999 999 999 999 999 999 999 999 999 999 999 999 999 999 999 1 1 999
1 1 999 999 999 999 999 999 999 999 999 999 999 999 999 999 999 999 999 999 999 999 999 999 999 999 999 999 999 999 999 999 999 999 999 999 999 999 999 999 999 999 999 999 999 999 999 999 1 1
802 999 999 999 999 999 999 999 999 999 999 999 999 999 999 999 999 999 999 999 999 999 999 999 999 999 999 999 999 999 999 999 999 999 999 999 999 999 999 999 999 999 999 999 999 999 999 999 999 102
Case #38: Possible
1 1 999 999 999 999 999 999 999 999 999 999 999 999 999 999 999 999 1 1
999 1 1 999 999 999 999 999 999 999 999 999 999 999 999 999 999 1 1 999
999 999 1 1 999 999 999 999 999 999 999 999 999 999 999 999 1 1 999 999
999 999 999 1 1 999 999 999 999 999 999 999 999 999 999 1 1 999 999 999
999 999 999 999 1 1 999 999 999 999 999 999 999 999 1 1 999 999 999 999
999 999 999 999 999 1 1 999 999 999 999 999 999 1 1 999 999 999 999 999
999 999 999 999 999 999 1 1 999 999 999 999 1 1 999 999 999 999 999 999
999 999 999 999 999 999 999 1 1 999 999 1 1 999 999 999 999 999 999 999
999 999 999 999 999 999 999 999 1 1 1 1 999 999 999 999 999 999 999 999
999 999 999 999 999 999 999 999 999 1 1 999 999 999 999 999 999 999 999 999
999 999 999 999 999 999 999 999 1 1 1 1 999 999 999 999 999 999 999 999
999 999 999 999 999 999 999 1 1 999 999 1 1 999 999 999 999 999 999 999
999 999 999 999 999 999 1 1 999 999 999 999 1 1 999 999 999 999 999 999
999 999 999 999 999 1 1 999 999 999 999 999 999 1 1 999 999 999 999 999
999 999 999 999 1 1 999 999 999 999 999 999 999 999 1 1 999 999 999 999
999 999 999 1 1 999 999 999 999 999 999 999 999 999 999 1 1 999 999 999
999 999 1 1 999 999 999 999 999 999 999 999 999 999 999 999 1 1 999 999
999 1 1 999 999 999 999 999 999 999 999 999 999 999 999 999 999 1 1 999
1 1 999 999 999 999 999 999 999 999 999 999 999 999 999 999 999 999 1 1
162 999 999 999 999 999 999 999 999 999 999 999 999 999 999 999 999 999 999 62
Case #39: Impossible
Case #40: Possible
1 1
1 998
